0
0.0056
0.005
0
0.0002
0
0.0002
0.0002
0
0.0026
0.0002
0
0
0
0.0004
0
0
0
0.0002
0
0
0.1
0
0
0
0
0
0
0
0
0
0
0
0
0
0
0
0
0
0
0
0
0
0
0
0.0012
0
0.0028
0
0
0
0
0
0
0
0
0.0058
0
0.0006
0.0004
0.0006
0
0
0
0
0
0
0
0
0.0002
0
0
0
0
0.0002
0
0.0002
0.0002
0
0
0
0.0002
0
0
0
0
0
0
0
0
0
0
0
0
0.002
0.0016
0
0.0018
0.0002
0
0.0002
0
0.0002
0
0.0422
0
0
0.0008
0
0
0
0
0
0.011
0.0014
0
0
0
0.0118
0.0104
0.0008
0.0062
0
0.004
0.001
0
0
0
0
0
0
0.0022
0.0004
0
0
0
0.0002
0.001
0.0006
0.0024
0
0
0
0
0.0016
0.0058
0.0252
0.0018
0
0
0
0.0002
0
0.0002
0.0002
0
0
0.0036
0.0018
0.0002
0
0
0
0.001
0.003
0
0
0
0.0002
0
0
0.0004
0.017
0.0142
0.004
0.0036
0.0004
0.01
0.0058
0.0018
0.005
0.0202
0.0128
0.0008
0.0002
0
0.001
0
0.0054
0.0002
0.0002
0
0
0
0
0
0
0
0
0.0216
0.0006
0.0216
0.0034
0.0178
0.0084
0.0082
0.0018
0.016
0.003
0.0136
0.0304
0.0094
0.0126
0.0002
0
0
0
0.0168
0.0056
0
0.0038
0.0362
0.0002
0
0.0006
0.0068
0.0002
0.0002
0
0
0.005
0.0022
0.0002
0.0136
0.0004
0
0.002
0.0088
0.0006
0.0036
0.0136
0.0004
0
0
0
0
0.0022
0.0006
0
0.0214
0.0018
0.0002
0
0.0132
0.0176
0.0002
0.0042
0.0004
0.0002
0.0038
0.0028
0
0.0006
0
0.0002
0
0.0258
0.0012
0.0036
0.0034
0
0
0
0
0
0
0
0
0
0.0042
0.0132
0.001
0.0068
0.0002
0.0002
0
0
0.0002
0
0.0008
0
0.0002
0.0044
0.0006
0.0004
0
0.0004
0
0.0084
0.0056
0.002
0.0004
0
0.0002
0
0.0004
0
0
0.0002
0
0.0002
0
0.0004
0
0
0.0002
0
0.0002
0
0.0002
0
0.0006
0.0002
0
0.0002
0
0.0002
0
0
0.0002
0
0.0002
0
0.002
0.0022
0
0.0004
0
0.0082
0.0012
0.0002
0
0
0.0002
0.0046
0.0002
0
0.0002
0.0008
0.0038
0.0012
0.0016
0.001
0
0.0014
0
0
0.0002
0
0.0002
0
0
0
0
0.0002
0
0.0002
0.0004
0.0002
0
0
0.0002
0
0
0
0.0002
0
0
0.0002
0
0.0002
0
0
0
0
0
0
0
0
0
0
0
0.0002
0
0
0
0
0
0
0
0
0
0.058
0
0
0
0
0
0.0002
0
0
0
0
0.0002
0
0
0
0.0002
0
0
0
0
0
0
0
0
0
0.0002
0
0.0002
0.0002
0.0026
0.0002
0
0
0
0.0002
0.0002
0
0
0
0
0
0
0
0
0
0
0
0
0
0
0.0002
0
0
0.0384
0
0
0
0
0.046
0
0.0018
0.0002
0
0
0
0
0
0
0
0.001
0.0214
0.0016
0
0.0012
0.0002
0.0026
0.005
0
0
0
0.0012
0.0008
0.0002
0.0018
0
0
0
0
0
0.0002
0
0
0.0002
0.0148
0.0016
0.0006
0.0162
0.0002
0.0034
0
0.0002
0
0.0002
0
0.0002
0.0048
0.007
0.0146
0.0068
0.0002
0.0002
0.011
0.0002
0
0.0344
0.0006
0.0002
0
0
0
0
0
0
0.025
0.0004
0.005
0.0002
0.0002
0
0.0298
0.0082
0.0122
0.0002
0.0002
0
0
0
0
0.0028
0
0.001
0.0114
0.0176
0.0062
0.0002
0.0002
0
0.01
0.011
0.009
0
0
0
0.0086
0.0054
0.0036
0.0008
0
0.0002
0.0304
0.004
0.0174
0.017
0
0.0002
0
0
0.0332
0.0004
0.0048
0.0024
0.001
0.0278
0.0236
0.005
0.0088
0.011
0.011
0
0
0.0002
0
0
0
0
0
0
0
0
0
0
0
0
0
0.0022
0.0002
0
0
0
0
0.0002
0
0
0
0.0012
0
0.0002
0.003
0.0002
0
0.0018
0.0002
0
0
0.0002
0
0.0008
0.0026
0.0036
0.0026
0.0008
0
0
0.005
0.0042
0.0002
0.0004
0.0066
0.0002
0
0
0.0276
0
0
0
0.0004
0.0028
0.0032
0.0026
0
0.001
0
0
0
0
0
0
0
0.0002
0
0
0
0
0
0
0
0
0
0.0002
0
0.0122
0.0054
0
0.0002
0.002
0.0006
0
0
0
0
0.0052
0.0076
0.012
0.0078
0.0002
0
0
0
0
0.0002
0
0.0002
0
0
0
0
0.001
0.0026
0.0002
0.0026
0.0134
0.008
0.0002
0.0018
0.0002
0
0
0
0
0.0004
0.0018
0.0024
0.0006
0
0
0
0
0.0052
0
0
0
0
0
0
0
0
0.0002
0.0006
0
0.0002
0
0.0002
0
0
0
0
0.0002
0
0
0
0
0
0
0
0
0
0
0.0002
0
0
0
0
0.0002
0
0
0
0
0
0
0
0
0.0002
0
0.0002
0
0.0002
0
0
0
0
0
0
0.0002
0
0
0
0
0
0
0
0
0
0
0.0006
0.0002
0
0
0
0
0
0
0
0
0
0.0122
0
0.0002
0
0
0
0.0002
0
0
0
0
0.0002
0
0.0002
0
0
0.0002
0
0
0
0.0006
0.0002
0
0.0026
0
0
0.002
0.0002
0
0
0.0002
0
0
0
0.0002
0
0
0
0
0
0
0
0
0
0
0
0
0.0048
0.0018
0
0
0
0
0
0
0.0002
0.0004
0
0.0002
0
0.0002
0
0
0
0
0.0002
0
0.0002
0
0.0002
0
0
0
0
0.0002
0
0
0
0
0
0
0
0.0002
0.0002
0.0008
0.0104
0.0066
0.0116
0.0002
0
0
0
0
0
0
0
0.0006
0.0044
0.0024
0.0008
0.0004
0
0.0002
0
0
0.0082
0.0204
0
0
0.0006
0.0002
0.0002
0
0.0054
0.0066
0.0112
0.0106
0
0.0106
0.0172
0.0014
0.0058
0.0044
0.0098
0.0116
0.0102
0.0026
0
0.0002
0
0
0.0096
0
0.0042
0.0166
0.0104
0
0
0.0002
0
0.0108
0.0032
0.0012
0.0136
0.026
0.0168
0.0042
0.0176
0.0078
0
0.004
0
0
0.0002
0.0002
0
0.0002
0
0
0.0002
0.0002
0.002
0.0068
0.0002
0.0016
0.0002
0.0064
0
0.0166
0.0124
0.0258
0.0084
0.0116
0.0054
0.0178
0.0032
0.0182
0.0006
0.0036
0.0024
0.0002
0.0002
0.0002
0.0004
0.0044
0.0002
0
0
0.0074
0.0002
0
0.0068
0.0092
0.0008
0.009
0.0002
0.0016
0.0092
0.0132
0.0008
0.001
0.0002
0.015
0.0004
0.0022
0.003
0.001
0.004
0.0028
0
0.001
0
0
0
0
0.0036
0.0102
0.0002
0
0
0.0012
0
0
0
0
0
0
0.0014
0.0008
0
0
0
0
0
0
0.0002
0
0
0
0
0
0.0002
0
0.001
0.0002
0.0074
0
0.0002
0
0
0
0
0
0
0
0
0.0002
0
0.0002
0
0.0034
0.0002
0
0.0002
0
0.0012
0.0212
0.0106
0.0002
0
0
0
0.0002
0
0
0.0002
0
0.0002
0
0
0
0
0
0
0.0002
0
0
0
0
0
0
0.0004
0
0.0002
0
0
0.0002
0
0.0002
0
0.0002
0
0
0.0006
0
0.0004
0
0.0006
0
0
0.0002
0
0.0002
0
0.0002
0
0
0.0006
0
0.0006
0
0.0002
0.0002
0
0.0002
0
0
0.0002
0
0.0002
0
0.0002
0.0002
0
0
0
0
0
0
0
0
0.0002
0
0
0
0
0
0
0
0
0.0002
0
0
0
0
0
0
0
0
0.0002
0
0
0
0
0.0002
0
0
0
0
0
0
0
0
0.0002
0
0
0
0
0.0002
0
0.0002
0
0
0
0
0.0002
0
0
0
0
0.0518
0
0
0
0
0
0
0
0
0
0
0
0
0.0004
0.0002
0
0
0.0006
0
0
0.0022
0.0028
0.0248
0.0142
0.0048
0.0006
0.0002
0
0
0.0002
0
0
0
0
0
0
0
0
0
0.0012
0.0002
0
0
0
0
0
0.0002
0
0
0.0002
0
0
0.0098
0
0
0
0
0
0.0002
0
0.0014
0.044
0.0004
0.0002
0
0.0102
0.015
0.0002
0.0002
0.0004
0
0
0
0.0002
0.0002
0
0
0
0
0
0
0
0
0
0.008
0.0156
0.0018
0.0004
0.001
0.0006
0
0
0.0002
0.0258
0.0002
0
0
0.0002
0
0
0.0004
0.0002
0.0008
0
0.0004
0.0004
0
0.0004
0.0236
0.028
0.0124
0.0222
0.0112
0.0014
0.0006
0
0.0022
0
0.0006
0.0004
0
0.0004
0
0.0004
0
0.0002
0.006
0.001
0.002
0.014
0.0014
0.0002
0.0004
0.0004
0
0.0004
0
0.0004
0
0.0002
0
0
0.002
0.0318
0.001
0.0002
0
0
0.003
0.0002
0
0.0002
0.0066
0.003
0
0
0
0
0
0
0
0.0026
0.008
0
0
0.004
0.0002
0.0002
0
0.012
0.0056
0.004
0
0.0002
0.0074
0
0
0
0
0
0
0
0
0.0002
0
0
0
0.0002
0.0016
0.0014
0
0
0.0004
0.0012
0
0.0012
0.0012
0
0.0018
0
0.0012
0
0.007
0.0012
0
0
0
0
0
0
0
0
0.0094
0
0.0014
0
0.0014
0.0022
0.0012
0.0016
0.0052
0
0
0
0
0
0
0
0
0
0
0
0
0.0072
0.0012
0
0
0
0
0
0
0
0
0
0.0006
0
0
0
0
0
0
0
0
0
0
0
0
0
0.0002
0.0016
0.0008
0
0
0
0
0
0
0
0
0
0
0
0
0.0062
0
0
0
0
0
0
0
0
0
0
0
0
0
0
0
0.0128
0.0008
0
0
0
0
0
0
0
0
0
0
0
0
0
0
0
0
0.0002
0
0
0
0
0
0.0066
0.0006
0.0018
0
0
0
0
0
0
0
0
0
0
0
0
0
0
0
0
0
0
0
0
0
0
0
0
0
0
0
0
0
0
0
0
0
0
0
0
0
0
0
0
0
0
0
0
0
0
0
0
0
0
0
0
0
0
0
0
0
0
0
0
0
0
0
0
0
0.0032
0
0
0.0028
0.0008
0
0
0
0
0
0
0
0
0
0
0
0
0.0014
0.0002
0.0088
0.01
0.0006
0.0002
0
0
0
0
0
0
0
0
0
0
0
0
0
0
0
0.0004
0.0002
0.0098
0.0004
0
0.0358
0.0002
0
0
0
0
0
0
0
0.0174
0.017
0.0052
0.0314
0.0092
0
0
0
0
0
0
0
0
0
0
0
0.013
0.0082
0.0004
0.001
0.0038
0.0032
0.0008
0
0
0
0.0664
0.003
0
0
0.0436
0.0014
0.0224
0.013
0.0046
0.0018
0.0002
0.0002
0
0.0002
0
0
0.0006
0.0044
0.0004
0
0
0.0126
0.0006
0
0
0
0.0118
0.0066
0.0128
0.0002
0.0002
0.0014
0
0.0084
0.0178
0.0096
0.0238
0.009
0.02
0.0118
0.007
0.0002
0
0.0002
0.0012
0.0038
0.0006
0.0002
0
0
0.0086
0.005
0.0126
0.0018
0
0
0
0
0.0134
0.032
0
0.0054
0
0
0
0.0002
0.0024
0.0002
0.0006
0.0102
0.0196
0.0014
0.0032
0
0
0
0
0
0
0
0
0.0004
0
0.003
0.0124
0.0038
0.0178
0.001
0
0.0128
0
0
0
0.001
0.0108
0.0122
0
0.0002
0
0
0
0
0
0
0
0
0
0
0
0
0
0.0062
0
0
0
0
0.0112
0
0
0
0.0034
0.0002
0.004
0.013
0.0032
0.0182
0
0
0
0
0
0.0004
0.013
0.0112
0.0056
0
0.0118
0.005
0.0004
0
0
0
0
0
0
0
0.003
0.0002
0
0
0
0
0
0
0
0
0
0.0004
0
0
0
0
0
0
0.0012
0.0264
0
0
0
0
0
0.015
0
0
0
0
0
0
0
0
0
0
0
0
0
0
0
0
0
0
0